           1   5.10040337E+16   0.00000000       5.10040337E+16
           2   8.47273245E+15   4.21332985E+16   5.06060320E+16
           3   2.83659977E+16   1.65993904E+16   4.49653870E+16
           4   2.31869543E+16   2.24239126E+16   4.56108691E+16
           5   1.56366874E+16   3.11058303E+16   4.67425156E+16
           6   3.70411509E+16   3.27828009E+15   4.03194307E+16
           7   8.24893029E+15   3.46041757E+16   4.28531049E+16
           8   3.20658350E+16   9.07191260E+15   4.11377465E+16
           9   1.96410207E+16   2.16308683E+16   4.12718869E+16
          10   1.71337445E+16   2.49153029E+16   4.20490484E+16
          11   3.12896464E+16   5.74677362E+15   3.70364221E+16
          12   9.90717744E+15   3.07579745E+16   4.06651541E+16
          13   3.44753868E+16   3.95600472E+15   3.84313931E+16
          14   1.55074154E+16   2.33798155E+16   3.88872309E+16
          15   2.01623460E+16   1.86774319E+16   3.88397758E+16
          16   2.75841612E+16   8.69140856E+15   3.62755687E+16
          17   1.23405803E+16   2.68958626E+16   3.92364418E+16
          18   3.35886006E+16   2.41754019E+15   3.60061411E+16
          19   1.33937868E+16   2.40243699E+16   3.74181588E+16
          20   2.38044933E+16   1.32773051E+16   3.70817984E+16
          21   2.42288619E+16   1.14291399E+16   3.56580018E+16
          22   1.44616671E+16   2.32639631E+16   3.77256312E+16
          23   3.14576354E+16   2.96338651E+15   3.44210211E+16
          24   1.30615582E+16   2.34759197E+16   3.65374758E+16
          25   2.66218630E+16   9.11504696E+15   3.57369110E+16
          26   2.10366575E+16   1.39519146E+16   3.49885731E+16
          27   1.66697742E+16   1.96521748E+16   3.63219500E+16
          28   2.92208959E+16   4.46818628E+15   3.36890814E+16
          29   1.36120441E+16   2.22836969E+16   3.58957411E+16
          30   2.80372845E+16   6.42916876E+15   3.44664533E+16
          31   1.85477175E+16   1.59303225E+16   3.44780389E+16
          32   1.91665536E+16   1.60752852E+16   3.52418388E+16
          33   2.68488542E+16   6.46096762E+15   3.33098207E+16
          34   1.45655129E+16   2.06984159E+16   3.52639278E+16
          35   2.82793446E+16   5.17195989E+15   3.34513055E+16
          36   1.70577826E+16   1.70949426E+16   3.41527252E+16
          37   2.15284656E+16   1.28651815E+16   3.43936471E+16
          38   2.44276952E+16   8.61092410E+15   3.30386193E+16
          39   1.58060036E+16   1.88320787E+16   3.46380823E+16
          40   2.77943590E+16   5.00731178E+15   3.28016703E+16
          41   1.63818235E+16   1.75406486E+16   3.39224720E+16
          42   2.33695291E+16   1.02796574E+16   3.36491876E+16
          43   2.22288674E+16   1.06311962E+16   3.28600646E+16
          44   1.73129960E+16   1.67652384E+16   3.40782333E+16
          45   2.68069954E+16   5.62183355E+15   3.24288284E+16
          46   1.62778960E+16   1.74266709E+16   3.37045669E+16
          47   2.45599244E+16   8.45243497E+15   3.30123599E+16
          48   2.04895087E+16   1.22848155E+16   3.27743242E+16
          49   1.89319538E+16   1.46620069E+16   3.35939607E+16
          50   2.54822493E+16   6.73550354E+15   3.22177523E+16
          51   1.65989716E+16   1.68763696E+16   3.34753402E+16
          52   2.51475382E+16   7.38022055E+15   3.25277587E+16
          53   1.92706936E+16   1.34725554E+16   3.27432501E+16
          54   2.04542191E+16   1.27063794E+16   3.31605985E+16
          55   2.40240284E+16   8.08806659E+15   3.21120961E+16
          56   1.72542795E+16   1.59897305E+16   3.32440089E+16
          57   2.52176106E+16   6.97927139E+15   3.21968830E+16
          58   1.85263693E+16   1.41973129E+16   3.27236822E+16
          59   2.17262617E+16   1.10466129E+16   3.27728747E+16
          60   2.26319952E+16   9.45316504E+15   3.20851602E+16
          61   1.81390599E+16   1.48794149E+16   3.30184759E+16
          62   2.48672916E+16   7.12210643E+15   3.19893975E+16
          63   1.81893583E+16   1.45031844E+16   3.26925437E+16
          64   2.26714487E+16   9.77360933E+15   3.24450591E+16
          65   2.14398905E+16   1.06688856E+16   3.21087761E+16
          66   1.91273255E+16   1.36710838E+16   3.27984104E+16
          67   2.42206413E+16   7.65467432E+15   3.18753145E+16
          68   1.81943276E+16   1.44496841E+16   3.26440106E+16
          69   2.32661514E+16   8.92248800E+15   3.21886388E+16
          70   2.05104295E+16   1.16438614E+16   3.21542898E+16
          71   2.01012501E+16   1.24840504E+16   3.25853005E+16
          72   2.34160328E+16   8.41636691E+15   3.18323992E+16
          73   1.84699807E+16   1.41087797E+16   3.25787615E+16
          74   2.35223419E+16   8.48063465E+15   3.20029760E+16
          75   1.98598944E+16   1.23402367E+16   3.22001300E+16
          76   2.09693833E+16   1.14174071E+16   3.23867893E+16
          77   2.25778056E+16   9.26277128E+15   3.18405768E+16
          78   1.89354263E+16   1.35628131E+16   3.24982394E+16
          79   2.34843207E+16   8.39646564E+15   3.18807863E+16
          80   1.94786731E+16   1.27560883E+16   3.22347603E+16
          81   2.16700019E+16   1.05425985E+16   3.22126005E+16
          82   2.17990614E+16   1.00810087E+16   3.18800691E+16
          83   1.95077823E+16   1.28974926E+16   3.24052748E+16
          84   2.32214451E+16   8.59182438E+15   3.18132694E+16
          85   1.93391296E+16   1.29140883E+16   3.22532180E+16
          86   2.21688280E+16   9.90062010E+15   3.20694471E+16
          87   2.11402714E+16   1.07932614E+16   3.19335328E+16
          88   2.01116633E+16   1.21935689E+16   3.23052322E+16
          89   2.28130645E+16   8.97685370E+15   3.17899177E+16
          90   1.93994095E+16   1.28540393E+16   3.22534478E+16
          91   2.24579910E+16   9.50220712E+15   3.19601981E+16
          92   2.06346571E+16   1.13536827E+16   3.19883409E+16
          93   2.06840256E+16   1.15210447E+16   3.22050692E+16
          94   2.23353611E+16   9.46403775E+15   3.17993988E+16
          95   1.96098500E+16   1.26263985E+16   3.22362486E+16
          96   2.25535197E+16   9.33130715E+15   3.18848279E+16
          97   2.02933275E+16   1.17429066E+16   3.20362341E+16
          98   2.11771373E+16   1.09345315E+16   3.21116687E+16
          99   2.18522761E+16   9.97795957E+15   3.18302346E+16
         100   1.99184670E+16   1.22857829E+16   3.22042489E+16
         101   2.24888117E+16   9.35196487E+15   3.18407766E+16
         102   2.01102330E+16   1.19623236E+16   3.20725566E+16
         103   2.15599219E+16   1.04705247E+16   3.20304466E+16
         104   2.14124564E+16   1.04598946E+16   3.18723510E+16
         105   2.02757933E+16   1.18860074E+16   3.21618017E+16
         106   2.23071024E+16   9.51667579E+15   3.18237792E+16
         107   2.00662161E+16   1.20288269E+16   3.20950429E+16
         108   2.18184059E+16   1.01466165E+16   3.19650235E+16
         109   2.10481250E+16   1.08694144E+16   3.19175384E+16
         110   2.06381919E+16   1.14755094E+16   3.21137024E+16
         111   2.20537100E+16   9.77449301E+15   3.18282030E+16
         112   2.01343750E+16   1.19693663E+16   3.21037424E+16
         113   2.19543288E+16   9.96308395E+15   3.19174138E+16
         114   2.07767282E+16   1.11831081E+16   3.19598352E+16
         115   2.09703775E+16   1.10944578E+16   3.20648343E+16
         116   2.17702937E+16   1.00773086E+16   3.18476034E+16
         117   2.02835629E+16   1.18163538E+16   3.20999156E+16
         118   2.19815267E+16   9.90606397E+15   3.18875896E+16
         119   2.06028228E+16   1.13927379E+16   3.19955607E+16
         120   2.12471066E+16   1.07723213E+16   3.20194279E+16
         121   2.14917393E+16   1.03843354E+16   3.18760747E+16
         122   2.04823490E+16   1.16039225E+16   3.20862704E+16
         123   2.19219920E+16   9.95211676E+15   3.18741076E+16
         124   2.05206021E+16   1.15016454E+16   3.20222475E+16
         125   2.14538384E+16   1.05269197E+16   3.19807581E+16
         126   2.12443771E+16   1.06642256E+16   3.19086027E+16
         127   2.07015212E+16   1.13643954E+16   3.20659166E+16
         128   2.18014623E+16   1.00729213E+16   3.18743825E+16
         129   2.05173680E+16   1.15219831E+16   3.20393522E+16
         130   2.15860590E+16   1.03648953E+16   3.19509532E+16
         131   2.10449489E+16   1.08959895E+16   3.19409373E+16
         132   2.09161815E+16   1.11261171E+16   3.20422986E+16
         133   2.16460231E+16   1.02392310E+16   3.18852531E+16
         134   2.05759879E+16   1.14713444E+16   3.20473323E+16
         135   2.16475543E+16   1.02834595E+16   3.19310138E+16
         136   2.09019351E+16   1.10681823E+16   3.19701173E+16
         137   2.11069596E+16   1.09113054E+16   3.20182639E+16
         138   2.14789876E+16   1.04241423E+16   3.19031287E+16
         139   2.06775681E+16   1.13700315E+16   3.20475986E+16
         140   2.16483360E+16   1.02723581E+16   3.19206952E+16
         141   2.08162569E+16   1.11779391E+16   3.19941949E+16
         142   2.12610803E+16   1.07353588E+16   3.19964391E+16
         143   2.13196464E+16   1.06054017E+16   3.19250481E+16
         144   2.08033226E+16   1.12387000E+16   3.20420237E+16
         145   2.16024507E+16   1.03167949E+16   3.19192456E+16
         146   2.07833961E+16   1.12288162E+16   3.20122123E+16
         147   2.13720794E+16   1.06067084E+16   3.19787889E+16
         148   2.11819176E+16   1.07662579E+16   3.19481744E+16
         149   2.09362927E+16   1.10964249E+16   3.20327165E+16
         150   2.15250361E+16   1.03998854E+16   3.19249214E+16
         151   2.07950376E+16   1.12291931E+16   3.20242296E+16
         152   2.14388855E+16   1.05272301E+16   3.19661144E+16
         153   2.10744661E+16   1.08959305E+16   3.19703965E+16
         154   2.10623414E+16   1.09591749E+16   3.20215152E+16
         155   2.14311610E+16   1.05047792E+16   3.19359401E+16
         156   2.08401928E+16   1.11903870E+16   3.20305798E+16
         157   2.14653274E+16   1.04937927E+16   3.19591201E+16
         158   2.10008224E+16   1.09890475E+16   3.19898699E+16
         159   2.11714207E+16   1.08390747E+16   3.20104943E+16
         160   2.13340324E+16   1.06164043E+16   3.19504378E+16
         161   2.09077140E+16   1.11247985E+16   3.20325125E+16
